200 6 1 57 1 40
200 4 1 76 2 40
200 4 3 62 3 40
100 1 2 87 4 40
200 4 5 58 5 40
100 5 1 68 6 40
100 6 1 50 7 40
100 2 3 59 8 40
200 4 1 95 9 40
200 1 2 93 10 40
100 6 1 52 11 40
100 2 1 85 12 40
200 4 1 56 13 40
100 1 6 81 14 40
200 6 4 68 15 40
100 4 3 82 16 40
100 3 6 60 17 40
200 4 5 89 18 40
200 6 4 66 19 40
200 2 5 59 20 40
200 2 5 55 21 40
200 6 2 96 22 40
100 6 4 55 23 40
100 3 4 61 24 40
200 3 1 86 25 40
200 6 2 52 26 40
100 5 3 80 27 40
200 5 2 82 28 40
100 6 5 62 29 40
200 2 3 94 30 40
