200 6 4 100 1
200 4 1 79 2
150 2 6 54 3
150 6 5 86 4
100 3 6 94 5
100 2 1 78 6
200 4 6 61 7
200 1 6 83 8
200 6 5 54 9
100 4 6 98 10
100 6 2 51 11
100 5 2 63 12
150 6 1 65 13
100 4 5 96 14
100 6 5 65 15
200 1 3 77 16
150 6 5 65 17
100 3 5 64 18
100 2 5 50 19
200 1 3 78 20
150 3 5 58 21
100 3 1 84 22
100 4 1 91 23
100 3 1 76 24
200 2 5 55 25
150 5 6 58 26
200 6 5 53 27
200 6 4 77 28
150 3 6 99 29
150 2 1 85 30
150 6 5 70 31
200 6 2 88 32
150 5 2 71 33
150 2 4 77 34
200 2 1 73 35
100 4 6 47 36
150 5 3 56 37
150 6 5 91 38
100 1 6 72 39
100 6 5 49 40
