200 2 7 86 1 40
200 3 1 89 2 40
200 3 5 86 3 40
100 5 3 98 4 40
100 1 6 51 5 40
100 4 2 67 6 40
200 7 2 63 7 40
200 2 7 59 8 40
100 7 4 54 9 40
100 1 7 78 10 40
200 7 2 87 11 40
200 4 5 73 12 40
100 5 7 52 13 40
100 6 7 84 14 40
100 2 1 89 15 40
200 2 6 67 16 40
100 4 1 86 17 40
100 4 3 96 18 40
100 5 3 72 19 40
100 3 6 61 20 40
200 6 4 99 21 40
100 4 7 65 22 40
200 3 1 66 23 40
200 1 4 73 24 40
100 6 2 71 25 40
100 7 4 59 26 40
200 3 2 55 27 40
200 3 1 80 28 40
100 5 7 86 29 40
200 2 4 47 30 40
