100 5 6 83 1 40
100 4 6 96 2 40
100 2 6 94 3 40
100 1 4 69 4 40
200 1 5 54 5 40
100 3 6 78 6 40
200 3 2 91 7 40
100 4 2 83 8 40
200 2 5 80 9 40
100 4 2 81 10 40
200 4 6 69 11 40
200 6 2 50 12 40
100 3 2 81 13 40
200 6 4 48 14 40
200 1 3 77 15 40
200 1 3 46 16 40
100 4 6 97 17 40
200 3 4 88 18 40
200 3 6 48 19 40
200 2 5 89 20 40
100 2 5 55 21 40
200 3 1 89 22 40
100 6 1 52 23 40
100 1 5 64 24 40
200 5 4 70 25 40
100 4 5 60 26 40
200 1 2 79 27 40
200 2 5 72 28 40
100 6 3 65 29 40
200 1 3 49 30 40
