200 5 6 77 1 40
200 1 4 62 2 40
200 6 5 75 3 40
200 1 6 96 4 40
100 4 1 61 5 40
200 2 5 86 6 40
100 1 2 91 7 40
100 5 1 78 8 40
100 2 5 85 9 40
200 6 4 54 10 40
200 3 2 67 11 40
200 2 6 78 12 40
100 6 1 93 13 40
200 4 1 93 14 40
200 2 4 50 15 40
200 3 4 91 16 40
200 4 1 64 17 40
200 1 4 86 18 40
100 5 6 48 19 40
200 6 2 69 20 40
100 3 2 99 21 40
200 4 2 67 22 40
100 4 3 69 23 40
200 6 2 83 24 40
100 3 2 76 25 40
200 1 6 73 26 40
100 1 5 82 27 40
200 1 3 94 28 40
200 4 2 69 29 40
100 4 5 77 30 40
