100 3 2 49 1 40
200 5 6 50 2 40
200 6 1 59 3 40
100 6 3 86 4 40
200 4 6 88 5 40
100 5 2 69 6 40
200 5 6 69 7 40
100 4 2 51 8 40
100 5 4 58 9 40
200 4 2 92 10 40
100 4 5 85 11 40
200 4 6 100 12 40
200 4 2 51 13 40
200 3 1 53 14 40
100 5 4 50 15 40
100 6 5 72 16 40
200 3 2 84 17 40
100 6 1 83 18 40
100 2 1 73 19 40
100 2 6 52 20 40
200 3 1 61 21 40
200 5 2 63 22 40
100 5 6 65 23 40
100 6 4 62 24 40
100 6 2 60 25 40
100 5 3 100 26 40
200 2 3 91 27 40
100 5 4 64 28 40
100 4 1 66 29 40
200 2 1 62 30 40
