200 2 3 51 1 40
200 4 2 72 2 40
100 2 6 83 3 40
200 5 3 60 4 40
200 4 2 86 5 40
200 5 2 82 6 40
100 2 4 99 7 40
100 1 5 80 8 40
100 2 4 95 9 40
200 1 2 87 10 40
200 6 2 80 11 40
200 6 4 97 12 40
100 4 2 59 13 40
100 6 3 91 14 40
100 1 2 53 15 40
200 2 3 55 16 40
100 1 2 86 17 40
200 2 6 79 18 40
100 2 4 84 19 40
100 1 5 70 20 40
100 6 2 48 21 40
100 4 5 86 22 40
100 2 1 99 23 40
100 2 3 89 24 40
200 2 3 78 25 40
100 6 5 46 26 40
200 1 6 56 27 40
100 5 6 86 28 40
200 6 5 72 29 40
200 1 4 56 30 40
