200 6 4 91 1 40
200 3 6 65 2 40
200 3 1 52 3 40
100 2 1 54 4 40
100 1 5 65 5 40
100 1 6 89 6 40
200 6 3 65 7 40
100 1 4 75 8 40
200 2 1 54 9 40
200 5 3 84 10 40
200 2 6 77 11 40
200 6 4 55 12 40
100 2 1 61 13 40
100 6 4 92 14 40
200 4 2 49 15 40
200 2 1 80 16 40
200 6 1 56 17 40
200 6 1 69 18 40
100 5 3 70 19 40
200 6 3 91 20 40
200 4 6 92 21 40
100 4 5 73 22 40
100 2 6 98 23 40
200 1 5 46 24 40
200 4 6 92 25 40
200 5 6 66 26 40
200 5 3 68 27 40
100 5 1 55 28 40
100 6 5 57 29 40
100 4 1 81 30 40
