200 1 7 96 1 40
100 3 5 87 2 40
100 2 3 90 3 40
200 4 5 85 4 40
100 3 4 91 5 40
100 6 1 63 6 40
100 4 1 79 7 40
100 7 4 71 8 40
100 3 1 76 9 40
200 7 4 60 10 40
100 1 3 90 11 40
100 1 5 57 12 40
200 5 3 53 13 40
100 6 2 100 14 40
100 6 4 75 15 40
200 7 4 96 16 40
100 6 3 85 17 40
100 6 4 91 18 40
100 3 2 68 19 40
100 1 4 49 20 40
200 7 5 64 21 40
100 1 3 66 22 40
100 5 6 84 23 40
100 2 7 56 24 40
100 4 3 73 25 40
100 1 2 67 26 40
100 1 3 96 27 40
200 4 6 76 28 40
100 3 7 52 29 40
100 7 6 72 30 40
