100 6 2 69 1 40
200 2 7 80 2 40
200 3 7 85 3 40
100 6 4 47 4 40
100 1 5 51 5 40
200 6 1 69 6 40
100 7 6 82 7 40
200 1 4 87 8 40
200 5 1 56 9 40
100 6 1 79 10 40
200 7 5 78 11 40
200 6 3 70 12 40
200 7 3 73 13 40
100 3 2 94 14 40
200 6 3 65 15 40
100 6 3 71 16 40
200 1 4 96 17 40
100 3 4 94 18 40
100 3 5 53 19 40
200 1 6 92 20 40
200 1 3 88 21 40
100 6 2 92 22 40
100 1 3 79 23 40
200 7 3 90 24 40
200 6 1 97 25 40
100 2 4 77 26 40
200 2 5 71 27 40
100 2 3 51 28 40
200 2 6 75 29 40
100 3 1 86 30 40
