200 1 6 93 1 40
100 6 2 97 2 40
200 3 1 71 3 40
100 5 2 62 4 40
100 1 7 87 5 40
200 1 4 87 6 40
200 4 5 79 7 40
100 2 6 83 8 40
200 4 7 55 9 40
100 6 5 71 10 40
200 6 3 50 11 40
100 6 2 92 12 40
100 7 4 48 13 40
200 7 1 93 14 40
100 4 5 95 15 40
100 5 7 46 16 40
100 2 7 53 17 40
100 6 7 65 18 40
100 2 5 82 19 40
200 6 5 93 20 40
100 6 3 49 21 40
100 3 4 72 22 40
100 7 5 88 23 40
100 1 3 75 24 40
100 3 4 63 25 40
200 2 3 47 26 40
200 3 6 47 27 40
200 1 4 84 28 40
100 5 6 82 29 40
100 4 6 73 30 40
