100 2 7 92 1 40
200 3 7 76 2 40
200 7 6 51 3 40
100 2 6 76 4 40
100 1 6 83 5 40
100 7 3 95 6 40
200 4 2 55 7 40
200 4 1 88 8 40
200 5 2 89 9 40
100 5 3 58 10 40
100 6 2 59 11 40
200 2 1 83 12 40
100 5 6 65 13 40
200 1 2 58 14 40
100 4 6 76 15 40
100 1 4 75 16 40
200 2 5 61 17 40
200 4 6 95 18 40
100 4 6 90 19 40
200 4 1 90 20 40
200 5 1 84 21 40
100 1 7 91 22 40
100 1 3 83 23 40
100 7 3 71 24 40
100 6 2 48 25 40
200 5 7 61 26 40
100 7 1 94 27 40
100 3 4 63 28 40
200 6 7 90 29 40
200 4 1 56 30 40
