100 4 6 100 1 40
200 3 5 84 2 40
100 5 4 74 3 40
100 1 4 91 4 40
100 5 2 51 5 40
200 6 7 71 6 40
200 3 7 83 7 40
100 3 5 65 8 40
100 4 2 62 9 40
100 1 4 75 10 40
200 5 6 76 11 40
200 4 1 79 12 40
100 2 3 97 13 40
200 1 5 87 14 40
100 1 4 57 15 40
200 1 4 63 16 40
100 5 2 93 17 40
100 4 7 68 18 40
200 1 5 61 19 40
100 7 5 76 20 40
200 1 2 100 21 40
200 7 6 80 22 40
100 1 6 91 23 40
200 3 1 48 24 40
200 5 3 99 25 40
100 3 1 98 26 40
200 3 1 57 27 40
100 1 5 69 28 40
200 7 2 58 29 40
200 4 6 81 30 40
