200 3 4 92 1 40
200 6 1 50 2 40
200 7 2 97 3 40
200 1 2 70 4 40
200 4 1 63 5 40
100 1 2 62 6 40
100 5 4 57 7 40
100 2 4 77 8 40
200 6 2 99 9 40
200 4 2 79 10 40
100 6 7 70 11 40
100 7 4 89 12 40
100 4 1 72 13 40
100 4 6 97 14 40
100 1 3 77 15 40
100 2 1 51 16 40
200 5 7 92 17 40
100 7 5 73 18 40
200 4 3 92 19 40
100 4 6 66 20 40
100 4 6 49 21 40
200 1 3 100 22 40
200 4 2 47 23 40
200 4 1 69 24 40
200 5 4 51 25 40
100 3 2 97 26 40
200 5 2 50 27 40
100 5 3 96 28 40
200 2 5 80 29 40
200 4 5 76 30 40
