200 2 6 70 1 40
200 5 1 99 2 40
200 3 6 79 3 40
100 6 3 76 4 40
100 4 6 68 5 40
200 5 6 74 6 40
100 6 2 46 7 40
100 4 2 86 8 40
200 1 3 93 9 40
200 6 3 80 10 40
200 5 3 60 11 40
200 4 5 67 12 40
200 2 1 82 13 40
200 1 3 90 14 40
200 6 4 93 15 40
200 2 5 72 16 40
200 1 3 97 17 40
100 6 3 67 18 40
200 3 4 60 19 40
200 3 5 50 20 40
200 1 6 62 21 40
100 3 2 93 22 40
200 5 1 95 23 40
200 6 4 47 24 40
100 4 6 100 25 40
100 3 4 84 26 40
200 4 6 96 27 40
200 2 4 88 28 40
200 4 5 78 29 40
100 5 3 80 30 40
