200 2 4 76 1 40
100 5 1 67 2 40
100 1 4 71 3 40
100 3 2 98 4 40
200 2 6 100 5 40
100 5 2 66 6 40
200 2 4 95 7 40
100 1 4 71 8 40
100 1 5 83 9 40
200 4 1 91 10 40
100 4 1 55 11 40
100 2 4 79 12 40
200 3 6 94 13 40
100 4 1 88 14 40
100 3 1 82 15 40
100 6 2 87 16 40
100 6 3 77 17 40
100 2 6 92 18 40
200 6 1 95 19 40
100 4 3 52 20 40
100 2 1 62 21 40
100 2 4 63 22 40
200 6 5 58 23 40
200 4 6 92 24 40
100 1 5 85 25 40
100 3 1 60 26 40
100 5 6 83 27 40
200 4 3 61 28 40
100 4 6 62 29 40
100 5 2 69 30 40
