200 4 3 71 1 40
100 3 2 53 2 40
200 5 2 58 3 40
100 4 3 63 4 40
100 3 1 73 5 40
100 1 4 72 6 40
100 6 5 65 7 40
100 3 1 100 8 40
200 5 2 87 9 40
200 3 4 80 10 40
100 1 3 74 11 40
100 3 4 81 12 40
200 2 5 97 13 40
100 4 2 65 14 40
200 4 2 90 15 40
100 5 6 66 16 40
100 1 3 92 17 40
200 2 3 53 18 40
200 5 2 50 19 40
100 1 5 69 20 40
100 2 6 71 21 40
100 5 2 62 22 40
200 5 6 83 23 40
200 4 2 46 24 40
100 3 5 78 25 40
200 3 5 73 26 40
200 2 5 99 27 40
200 5 4 77 28 40
100 6 5 66 29 40
200 2 5 79 30 40
