200 2 4 47 1 40
100 3 6 84 2 40
200 1 2 86 3 40
100 4 2 98 4 40
200 5 4 95 5 40
100 5 1 47 6 40
200 1 7 54 7 40
100 1 4 47 8 40
200 5 2 90 9 40
200 7 1 70 10 40
200 1 6 71 11 40
200 2 1 46 12 40
100 2 7 91 13 40
200 6 2 84 14 40
200 2 6 68 15 40
100 1 5 85 16 40
100 6 3 60 17 40
200 5 6 64 18 40
200 5 4 48 19 40
200 4 7 91 20 40
100 7 1 52 21 40
100 6 4 94 22 40
200 5 6 59 23 40
100 7 6 47 24 40
100 4 7 100 25 40
200 5 6 58 26 40
100 5 7 66 27 40
100 5 2 63 28 40
200 6 4 56 29 40
100 2 4 53 30 40
