200 4 1 63 1 40
200 6 2 70 2 40
200 1 7 78 3 40
200 3 4 49 4 40
200 5 4 77 5 40
200 3 2 82 6 40
200 1 6 94 7 40
100 1 3 90 8 40
100 2 4 57 9 40
200 5 6 85 10 40
200 2 7 60 11 40
100 4 7 66 12 40
100 2 5 99 13 40
100 3 7 48 14 40
200 5 4 98 15 40
200 3 1 61 16 40
100 3 2 84 17 40
200 7 5 100 18 40
100 5 3 80 19 40
200 1 4 84 20 40
200 6 2 89 21 40
200 4 6 73 22 40
100 1 3 65 23 40
200 1 4 95 24 40
100 2 5 51 25 40
200 6 4 46 26 40
200 7 6 72 27 40
100 6 3 48 28 40
200 7 6 59 29 40
100 4 2 54 30 40
