200 6 1 83 1 40
100 6 3 56 2 40
200 4 5 60 3 40
200 4 3 67 4 40
100 3 4 86 5 40
100 5 1 80 6 40
200 6 5 54 7 40
200 3 4 75 8 40
100 4 5 51 9 40
200 5 2 97 10 40
200 2 1 88 11 40
100 5 1 81 12 40
200 3 4 84 13 40
200 2 4 92 14 40
100 4 2 72 15 40
100 1 4 50 16 40
200 5 1 96 17 40
200 2 3 50 18 40
200 5 4 51 19 40
100 4 2 92 20 40
200 4 1 66 21 40
200 3 1 55 22 40
100 4 1 61 23 40
100 3 6 85 24 40
100 2 3 60 25 40
100 6 5 66 26 40
100 2 3 72 27 40
200 1 2 50 28 40
200 5 2 96 29 40
200 2 5 61 30 40
