200 5 1 72 1 40
100 2 6 82 2 40
200 7 6 69 3 40
100 2 3 78 4 40
200 1 2 80 5 40
100 4 3 74 6 40
200 5 4 60 7 40
100 5 6 65 8 40
100 6 7 81 9 40
100 3 4 83 10 40
100 3 6 48 11 40
100 5 1 59 12 40
200 2 4 57 13 40
100 2 3 89 14 40
100 4 5 98 15 40
100 2 6 83 16 40
200 5 4 97 17 40
200 3 1 72 18 40
200 6 1 77 19 40
200 4 7 60 20 40
100 6 2 96 21 40
100 6 1 76 22 40
200 7 1 87 23 40
100 2 1 92 24 40
200 7 1 60 25 40
100 4 6 46 26 40
100 1 7 52 27 40
200 3 1 53 28 40
100 2 1 82 29 40
200 2 5 83 30 40
